160 179 30 200 30 200
160 179 30 200 30 200
160 179 30 200 30 200
160 179 30 200 30 200
47 179 118 200 30 0
47 179 118 200 30 0
47 179 118 200 30 089 180 6 73 239 255
64 90 0 255 0 255
146 180 0 255 85 255
146 180 0 255 85 255
146 180 0 255 85 255
146 180 0 255 85 255
146 180 0 255 85 255
168 180 157 255 202 255
168 180 157 255 202 255
0 180 0 255 0 255
109 132 0 141 246 255
109 132 0 141 246 255
109 132 0 141 246 255
109 132 0 141 246 255
109 132 0 141 246 255
109 132 0 141 246 255
109 132 0 141 246 255
109 132 0 141 246 255
109 132 0 141 246 255
109 132 0 141 246 255
109 132 0 141 246 255
109 132 0 141 246 255
109 132 0 141 246 255
109 132 0 141 246 255
109 132 0 141 246 255
109 132 0 141 246 255
109 132 0 141 246 255
109 132 0 141 246 255
109 132 0 141 246 255
109 132 0 141 246 255
